144 419
66 72
18 126
56 27
132 74
93 36
47 40
54 143
111 90
77 52
40 7
97 32
110 101
116 112
75 144
68 86
136 15
90 143
83 85
39 69
14 134
98 29
102 9
57 75
45 48
137 81
1 14
6 78
27 11
108 130
21 38
131 140
143 49
95 4
46 137
124 19
50 7
26 68
91 107
120 26
70 16
74 58
67 128
101 73
67 107
33 91
49 138
44 143
9 11
74 47
31 109
121 32
25 30
46 50
26 109
2 104
30 39
134 80
55 69
116 36
71 72
11 109
129 120
144 88
105 11
67 45
46 90
114 64
122 3
34 72
72 37
50 122
56 21
64 128
99 24
123 13
54 35
80 19
84 109
88 50
119 107
104 60
63 79
49 125
57 123
144 91
139 108
112 117
45 142
79 44
83 8
92 136
23 15
107 14
136 2
33 1
56 141
118 116
62 53
28 92
66 103
82 133
117 143
137 85
68 8
123 116
133 68
15 125
98 41
85 48
42 78
79 21
49 60
52 14
79 35
72 59
133 127
140 20
26 90
48 72
142 7
18 107
88 56
18 132
66 18
60 80
132 126
16 27
87 37
76 135
65 28
17 114
114 98
7 117
104 44
36 61
141 88
121 100
6 34
14 105
76 27
85 51
15 132
82 13
102 62
7 27
23 61
144 48
37 50
55 37
13 48
110 129
29 25
34 96
55 71
79 46
122 36
66 14
48 31
94 96
29 111
116 89
135 102
131 98
89 101
106 107
12 17
68 43
39 2
74 127
9 130
83 134
8 49
115 103
41 69
143 89
32 73
21 84
44 51
2 44
12 82
79 7
68 144
33 125
130 83
78 68
3 80
87 76
27 1
115 29
49 111
80 20
100 33
144 13
132 28
5 32
87 139
50 133
33 19
19 81
32 123
38 93
9 112
97 42
110 141
100 72
49 92
21 89
19 91
108 46
85 47
113 132
68 121
123 130
133 135
26 28
142 25
90 68
127 11
32 125
68 28
63 8
28 78
81 8
48 138
137 7
124 34
75 113
40 59
44 137
37 117
89 46
6 119
35 81
86 110
60 53
122 133
69 88
59 132
40 135
74 50
47 28
39 18
16 23
43 56
58 4
143 63
94 54
55 1
140 56
61 11
7 84
66 57
117 135
131 100
2 144
86 58
134 81
41 19
130 102
43 49
138 11
81 92
14 118
99 121
9 118
75 129
51 54
31 13
118 19
115 73
76 129
57 33
3 111
7 104
129 112
122 91
128 21
117 16
83 105
6 115
73 5
138 43
113 69
62 126
91 54
72 28
116 82
54 58
116 117
18 138
48 143
62 139
110 115
134 82
21 34
65 94
142 48
106 130
98 135
118 17
2 48
108 116
119 137
94 133
74 26
47 60
131 59
85 25
124 26
9 129
33 23
140 63
88 133
99 49
85 28
123 20
63 70
124 22
136 55
53 143
139 63
21 121
64 101
46 143
71 24
99 14
112 86
48 14
133 6
17 58
41 112
3 127
126 48
45 102
143 84
39 45
20 33
18 26
2 16
22 12
63 73
117 32
76 34
45 127
105 108
58 25
119 1
112 1
70 72
108 127
122 20
31 120
121 79
69 126
141 71
2 122
11 4
112 27
68 31
43 7
54 137
86 89
61 104
93 110
12 65
63 10
38 4
24 100
55 68
48 108
93 3
49 55
111 60
27 12
60 133
31 45
14 39
46 133
77 89
58 57
143 7
95 26
137 48
61 72
71 61
47 38
61 15
46 70
119 5
103 13
92 71
106 32
74 91
80 97
137 83
4 26
143 69
116 66
77 128
125 11
120 138
120 94
11 21
46 16
69 132
127 68
127 73
137 6
108 70
10 20
107 36
58 21
112 5
1 90
143 19
93 125
51 50
89 100
134 79
